0 0 0 0 0 0 0 0 0 0 0 0 0 0 0 0 0 0 0 0 0 0 0 0 0 0 0 0
0 0 0 0 0 0 0 0 0 0 0 0 0 0 0 0 0 0 0 0 0 0 0 0 0 0 0 0
0 0 0 0 0 0 0 0 0 0 0 0 0 0 0 0 0 0 0 0 0 0 0 0 0 0 0 0
0 0 0 0 0 0 0 0 0 0 0 0 0 0 0 0 0 0 0 0 0 0 0 0 0 0 0 0
0 0 0 0 0 0 0 0 0 0 0 0 0 0 0 0 0 0 0 0 0 0 0 0 0 0 0 0
0 0 0 0 0 0 0 0 0 0 0 0 0 0 0 0 692 666 0 0 0 0 0 0 0 0 0 0
0 0 0 0 0 0 0 0 0 0 0 0 0 0 727 829 890 875 769 650 0 0 0 0 0 0 0 0
0 0 0 0 0 0 0 0 0 0 0 0 0 746 848 904 922 917 866 754 0 0 0 0 0 0 0 0
0 0 0 0 0 0 0 0 0 0 0 0 714 805 802 767 715 702 739 738 694 0 0 0 0 0 0 0
0 0 0 0 0 0 0 0 0 0 0 722 752 737 0 0 0 0 0 662 727 0 0 0 0 0 0 0
0 0 0 0 0 0 0 0 0 0 715 726 691 0 0 0 0 0 0 0 705 699 0 0 0 0 0 0
0 0 0 0 0 0 0 0 0 699 754 708 0 0 0 0 0 0 0 0 676 719 0 0 0 0 0 0
0 0 0 0 0 0 0 0 0 785 749 0 0 0 0 0 0 0 0 0 653 721 0 0 0 0 0 0
0 0 0 0 0 0 0 0 729 799 654 0 0 0 0 0 0 0 0 0 0 720 0 0 0 0 0 0
0 0 0 0 0 0 0 664 836 737 0 0 0 0 0 0 0 0 0 0 0 670 0 0 0 0 0 0
0 0 0 0 0 0 0 747 813 0 0 0 0 0 0 0 0 0 0 0 676 0 0 0 0 0 0 0
0 0 0 0 0 0 0 805 754 0 0 0 0 0 0 0 0 0 0 0 674 0 0 0 0 0 0 0
0 0 0 0 0 0 704 812 719 0 0 0 0 0 0 0 0 0 0 700 0 0 0 0 0 0 0 0
0 0 0 0 0 0 705 842 717 0 0 0 0 0 0 0 0 0 690 678 0 0 0 0 0 0 0 0
0 0 0 0 0 0 0 822 752 0 0 0 0 0 0 0 0 694 678 0 0 0 0 0 0 0 0 0
0 0 0 0 0 0 0 765 795 752 651 0 0 0 0 656 760 731 0 0 0 0 0 0 0 0 0 0
0 0 0 0 0 0 0 691 832 937 931 901 835 812 827 838 767 0 0 0 0 0 0 0 0 0 0 0
0 0 0 0 0 0 0 0 0 787 909 942 947 895 819 726 0 0 0 0 0 0 0 0 0 0 0 0
0 0 0 0 0 0 0 0 0 0 0 0 0 0 0 0 0 0 0 0 0 0 0 0 0 0 0 0
0 0 0 0 0 0 0 0 0 0 0 0 0 0 0 0 0 0 0 0 0 0 0 0 0 0 0 0
0 0 0 0 0 0 0 0 0 0 0 0 0 0 0 0 0 0 0 0 0 0 0 0 0 0 0 0
0 0 0 0 0 0 0 0 0 0 0 0 0 0 0 0 0 0 0 0 0 0 0 0 0 0 0 0
0 0 0 0 0 0 0 0 0 0 0 0 0 0 0 0 0 0 0 0 0 0 0 0 0 0 0 0
